857450
2420110
1888930
2701660
2300320
1658040
2668510
2233120
2561580
917150
1562430
1163550
278080
399430
1404660
840720
1921770
923910
1963210
252230
1948450
1514360
244210
108600
1018850
552500
910490
981750
628890
2547120
466860
2882870
992300
1242980
266210
774651
656450
676580
788690
1969960
670930
206440
1405500
1643310
2391900
774811
331650
1793250
1798010
762520
876650
1920660
866510
2510130
579180
2215430
360430
579490
2131650
429280
834800
1203670
2894960
298110
2138090
292120
887720
628140
1295270
2487120
1336490
1046790
2510810
